1
5
59
69
79
89
166
188
193
829
167
849
177
999
739
989
869
187
1397
2069
1797
1798
6999
1297
10797
10853
10921
10971
13297
10548
13293
17793
20889
80359
13697
10794
15891
70759
70269
10677
10833
10911
700269
106977
108933
600259
131996
600279
141996
600579
147996
178992
190890
600589
150296
1009227
1007619
1009246
1008628
1007377
1001699
1009150
1058921
1050995
1003569
1036974
1490991
3009179
1008595
1064912
1998999
7008429
1000689
1005744
1007601
7008899
9008299
10905963
10069785
10089342
11979990
10029372
10029826
16207990
90000589
10309988
100389898
100055896
110909992
160009490
800067199
151033997
100093573
103249931
107025910
180005498
100239862
140669390
1090001921
7007009909
1009049407
9000046899
1050027948
1304199693
5020089949
1005499526
10000505448
10000922347
10000696511
10701592943
10018999583
10000442119
10000761554
10084899970
10006198250
18060009890
11400245996
16002897892
18317699990
37000488999
10050289485
90000626389
10000853648
13003696093
10050859271
10287799930
10000973037
10600713933
10942399911
60000180709
11009599796
16000097392
10031199494
10306095991
10087799570
100900509906
100000055859
104000146950
180005998298
300000185539
100001987765
1000007614641
1000043902320
1000006653746
1000005469548
4000096953659
1332003929995
1000201995662
6000008476379
1200004031698
1631002019993
1000006412206
1090604591930
1600005969190
10090899969901
40000004480279
14104229999995
100000109584608
100000098743648
100004789906151
100079239995161
100389619999030
200000729975309
107045067996994
105420999199982
101000269830970
104000047066970
700000001839569
100000050469737
101000789812993
100907098999571
100017449991820
890000023937399
100009989989199
101507024989944
107405139999943
100057569996821
103500369729970
900000076152049
100000439071028
120000046510993
103000015331997
100617081999573
100009029910821
107000020928910
100000090745299
102000149322944
130000074931591
100120849299260
-1
-5
-59
-69
-79
-89
-166
-188
-193
-829
-167
-849
-177
-999
-739
-989
-869
-187
-1397
-2069
-1797
-1798
-6999
-1297
-103500369729970
-900000076152049
-100000439071028
-120000046510993
-103000015331997
-100617081999573
-100009029910821
-107000020928910
-100000090745299
-102000149322944
-130000074931591
-100120849299260