1
5
59
69
79
89
166
188
193
829
167
849
177
999
739
989
869
187
1397
2069
1797
1798
6999
1297
10797
10853
10921
10971
13297
10548
13293
17793
20889
80359
13697
10794
15891
70759
70269
10677
10833
10911
700269
106977
108933
600259
131996
600279
141996
600579
147996
178992
190890
600589
150296
1009227
1007619
1009246
1008628
1007377
1001699
1009150
1058921
1050995
1003569
1036974
1490991
3009179
1008595
1064912
1998999
7008429
1000689
1005744
1007601
7008899
9008299
10905963
10069785
10089342
11979990
10029372
10029826
16207990
90000589
10309988
100389898
100055896
110909992
160009490
800067199
151033997
100093573
103249931
107025910
180005498
100239862
140669390
1090001921
7007009909
1009049407
9000046899
1050027948
1304199693
5020089949
1005499526